mycensuskey = "530ce361defc2c476e5b5d5626d224d8354b9b9a"

#CPI numbers, calculated in the nbhd profiles google sheet 'Neighborhood Analysis," documentation in Box
cpi04 <- 1.338591848
cpi00 <- 1.468408827

# the current/most recent year - the year the data you're updating represents
year <- 2018
yearPEP <- 2019

year.char <- c("2018")
yearPEP.char <- c("2019")


